0,0,0,1,1,1,1,1,1,1,1,1,1,1,1,1,1,1,1,1,1,1,1,1,1,1,1,1,1,1,1,1,1,1,1,1,1,1,1,1,1,0,0,0,0,1,1,1,1,1,1,1,1,1,1,1,1,1,1,1,1,1,0,0,0,0,0,0,0,1,1,1,1,1,1,1,1,1,1,0,0,0,1,1,1,1,1,1,1,0,0,1,1,1,1,1,1,1,1,1,0,0,1,1,1,1
0.011843,0.023521,0.03502,0.046972,0.060647,0.074026,0.08825,0.10241,0.11682,0.13144,0.14554,0.15732,0.16938,0.18134,0.19304,0.20453,0.21603,0.22741,0.23888,0.25086,0.26434,0.27823,0.29267,0.30681,0.32092,0.33513,0.34992,0.36207,0.37341,0.38516,0.39691,0.4084,0.41979,0.43126,0.44276,0.45523,0.46872,0.48267,0.49674,0.51064,0.52477,0.53954,0.55317,0.56492,0.57642,0.5878,0.59929,0.61078,0.62215,0.63364,0.64513,0.65847,0.67212,0.68625,0.69999,0.71387,0.72802,0.74325,0.75642,0.76819,0.77966,0.79117,0.80255,0.81429,0.82604,0.83753,0.84924,0.86259,0.87589,0.88979,0.90391,0.91803,0.93221,0.94744,0.95917,0.97058,0.9823,0.99406,1.0273,1.0502,1.0773,1.1129,1.1373,1.1712,1.2044,1.2374,1.2617,1.2864,1.3114,1.3474,1.3691,1.3907,1.4239,1.4464,1.4705,1.5056,1.5302,1.5636,1.5968,1.6219,1.6435,1.6673,1.6921,1.7576,1.7697,1.7817
0,0,0,1,1,1,1,1,1,1,1,1,1,1,1,1,1,1,1,1,1,1,1,1,1,1,1,1,1,1,1,1,1,1,1,1,1,1,1,1,1,0,0,0,0,1,1,1,1,1,1,1,1,1,1,1,1,1,1,1,1,1,0,0,0,0,0,0,0,1,1,1,1,1,1,1,1,1,1,0,0,0,1,1,1,1,1,1,1,0,0,1,1,1,1,1,1,1,1,1,0,0,1,1,1,1
0.011843,0.023521,0.03502,0.046972,0.060647,0.074026,0.08825,0.10241,0.11682,0.13144,0.14554,0.15732,0.16938,0.18134,0.19304,0.20453,0.21603,0.22741,0.23888,0.25086,0.26434,0.27823,0.29267,0.30681,0.32092,0.33513,0.34992,0.36207,0.37341,0.38516,0.39691,0.4084,0.41979,0.43126,0.44276,0.45523,0.46872,0.48267,0.49674,0.51064,0.52477,0.53954,0.55317,0.56492,0.57642,0.5878,0.59929,0.61078,0.62215,0.63364,0.64513,0.65847,0.67212,0.68625,0.69999,0.71387,0.72802,0.74325,0.75642,0.76819,0.77966,0.79117,0.80255,0.81429,0.82604,0.83753,0.84924,0.86259,0.87589,0.88979,0.90391,0.91803,0.93221,0.94744,0.95917,0.97058,0.9823,0.99406,1.0273,1.0502,1.0773,1.1129,1.1373,1.1712,1.2044,1.2374,1.2617,1.2864,1.3114,1.3474,1.3691,1.3907,1.4239,1.4464,1.4705,1.5056,1.5302,1.5636,1.5968,1.6219,1.6435,1.6673,1.6921,1.7576,1.7697,1.7817
1,1,1,1,1,1,1,1,1,1,1,1,1,1,1,1,1,1,1,1,1,1,1,1,1,1,1,1,1,1,1,1,1,1,1,1,1,1,1,1,1,1,1,1,1,1,1,1,1,1,1,1,1,1,1,1,1,1,1,1,1,1,1,1,1,1,1,1,1,1,1,1,1,1,1,1,1,1,1,1,1,1,1,1,1,1,1,1,1,1,1,1,1,1,1,1,1,1,1,1,1,1,1,1,1,1,1,1,1,1,1,1,1,1,1,1,1,1,1,1,1,1,1,1,1,1,1,1,1
0.012038,0.027121,0.04162,0.055948,0.070436,0.084709,0.098861,0.11255,0.12406,0.13556,0.14756,0.15929,0.17081,0.18262,0.19431,0.20642,0.21899,0.23369,0.24813,0.26254,0.2772,0.29136,0.30521,0.31882,0.33031,0.34181,0.35315,0.36467,0.37605,0.38756,0.3993,0.41105,0.42374,0.43836,0.45315,0.46827,0.48304,0.49754,0.51172,0.52504,0.53655,0.54804,0.55942,0.57091,0.5823,0.59406,0.60555,0.61751,0.63235,0.64702,0.66179,0.67647,0.69119,0.70594,0.71953,0.73105,0.74242,0.75392,0.76542,0.7768,0.7883,0.7998,0.81119,0.82354,0.83859,0.85323,0.86806,0.88274,0.89743,0.91147,0.92491,0.93642,0.94782,0.95956,0.97129,0.9828,0.99431,1.0292,1.0596,1.0957,1.1201,1.1533,1.1866,1.2091,1.233,1.2594,1.2962,1.3205,1.3425,1.3651,1.3835,1.4062,1.4294,1.4552,1.481,1.5162,1.5387,1.5602,1.5923,1.6255,1.6504,1.6871,1.7159,1.7487,1.7811,1.8035,1.8219,1.847,1.8714,1.907,1.9349,1.9678,1.99,2.0128,2.0891,2.1242,2.1491,2.1706,2.2027,2.2246,2.2509,2.2763,2.3121,2.3345,2.3562,2.3883,2.4206,2.457,2.4794
1,1,1
3.6631,3.6775,3.692
1,1,1
3.6631,3.6775,3.692
1,1,1,1,1,1,1,1,1,1,1,1,1,1,1,1,1,1,1,1,1,1,1,1,1,1,1,1,1,1,1,1,1,1,1,1,1,1,1,1,1,1,1,1,1,1,1,1,1,1,1,1,1,1,1,1,1,1,1,1,1,1,1,1,1,1,1,1,1,1,1,1,1,1,1,1,1,1,1,1,1,1,1,1,1,1,1,1,1,1,1,1,1,1,1,1,1,1,1,1,1,1,1,1,1,1,1,1,0,1,1,1,1,1,1,1,1,1,0,0,1,1,1,1,1,1,1,1,1
0.014671,0.029422,0.045076,0.060253,0.074953,0.089081,0.10268,0.11417,0.12566,0.13704,0.14879,0.1603,0.17181,0.18318,0.19492,0.2088,0.2233,0.23805,0.25365,0.26888,0.28296,0.29676,0.30867,0.32016,0.33154,0.34304,0.35442,0.36591,0.37743,0.3888,0.40105,0.41588,0.431,0.44666,0.46142,0.47656,0.4907,0.50406,0.51554,0.52691,0.53841,0.54992,0.56129,0.57279,0.58417,0.59592,0.61027,0.62488,0.63967,0.65531,0.67008,0.68433,0.69791,0.70943,0.7208,0.73229,0.74379,0.75516,0.76667,0.77818,0.78955,0.80191,0.81651,0.83119,0.84639,0.8615,0.87621,0.89084,0.90442,0.91592,0.92766,0.93942,0.95091,0.96229,0.97379,0.9853,0.99686,1.0339,1.0549,1.0803,1.1047,1.1263,1.1488,1.1714,1.1954,1.2316,1.2576,1.2931,1.3162,1.3489,1.3742,1.3958,1.4325,1.4575,1.4918,1.5249,1.547,1.5684,1.5929,1.6176,1.6434,1.669,1.6933,1.7258,1.759,1.7815,1.8043,1.84,1.8655,1.9011,1.926,1.9593,1.9926,2.0185,2.0962,2.1182,2.1447,2.1769,2.2102,2.2464,2.2729,2.3079,2.3304,2.3529,2.375,2.3967,2.4332,2.4588,2.4943
5,8,1,0,0,0
1,1,1,1,1,1,0,0,0,0,0,1,1,1,1,1,1,1,1,1,1,1,1,1,1,1,1,1,1,1,1,0,0,0,0,0,1,1,1,1,1,1,1,1,1,1,1,1,1,1,1,1,1,1,1,1,1,1,1,1,1,1,1,1,0,0,0,1,1,1,1,1,1,1,1,1,1,1,1,1,1,1,1,1,1,1,1,1,1,1,1,1,1,1,1,1,1,1,1,1,1,1,1,1,1,1,1,1,1,1,0,0,1,1,1,1,1,1,1,1,1,1,0,1,1,1,1,1,1
0.015383,0.031003,0.045617,0.06142,0.076013,0.087528,0.098903,0.1104,0.12216,0.13389,0.14564,0.15739,0.16889,0.18239,0.19715,0.21222,0.22686,0.24222,0.25682,0.27092,0.28228,0.29403,0.30578,0.31753,0.32902,0.34049,0.35375,0.36578,0.37768,0.39203,0.40726,0.42199,0.43649,0.45089,0.4658,0.47954,0.49091,0.50265,0.51415,0.52553,0.53702,0.54877,0.56026,0.57186,0.58633,0.60172,0.61625,0.63099,0.64616,0.66141,0.67605,0.68778,0.69928,0.71065,0.72215,0.73364,0.74502,0.75652,0.76802,0.77993,0.7948,0.80926,0.82404,0.83926,0.85391,0.86843,0.88204,0.89341,0.90491,0.9164,0.92778,0.93927,0.95077,0.96214,0.97442,0.98901,1.0037,1.0417,1.0804,1.1025,1.125,1.1523,1.1883,1.2141,1.2405,1.2619,1.2953,1.3279,1.3607,1.3848,1.4112,1.4372,1.4723,1.4943,1.5168,1.539,1.5615,1.5898,1.6265,1.6518,1.6757,1.7001,1.7324,1.7657,1.8015,1.8265,1.8635,1.8858,1.9083,1.9305,1.952,1.9855,2.0087,2.0949,2.1171,2.1352,2.1576,2.1821,2.2077,2.2329,2.2699,2.2922,2.3147,2.3369,2.3564,2.3923,2.4179,2.4546,2.4789
1,1,1
3.1104,3.1219,3.1337
1,1,1
3.1104,3.1219,3.1337
1,1,1,1,1,1,1,1,1,1,1,1,1,1,1,1,1,1,1,1,1,1,1,1,1,1,1,1,1,1,1,1,1,1,1,1,1,1,1,1,1,1,1,1,1,1,1,1,1,1,1,1,1,1,1,1,1,1,1,1,1,1,1,1,1,1,1,1,1,1,1,1,1,1,1,1,1,1,1,1,1,1,1,1,1,1,1,1,1,1,1,1,1,1,1,1,1,1,1,1,1,1,1,1,1,1,1,1,0,1,1,1,1,1,1,1,1,1,1,1,1,1,1,1,1,1,1,1,1
0.014985,0.029457,0.040908,0.052417,0.06376,0.075401,0.087319,0.099208,0.11094,0.12268,0.13494,0.14956,0.16393,0.17922,0.19424,0.20892,0.22356,0.23715,0.24865,0.2604,0.2719,0.28326,0.29476,0.30627,0.31765,0.32914,0.34257,0.35681,0.37148,0.38742,0.40285,0.41744,0.43117,0.44291,0.45428,0.46575,0.47713,0.48863,0.50014,0.51152,0.52302,0.53493,0.54944,0.56356,0.57833,0.593,0.60911,0.62368,0.63739,0.64877,0.66051,0.67202,0.68338,0.69488,0.70638,0.71777,0.72926,0.74217,0.75656,0.7713,0.7864,0.80209,0.81767,0.83156,0.84327,0.85477,0.86615,0.87763,0.88913,0.90052,0.91202,0.9234,0.93544,0.94993,0.96478,0.98035,0.99504,1.0409,1.0735,1.096,1.1185,1.1544,1.18,1.2171,1.238,1.26,1.2923,1.3148,1.3378,1.3733,1.3992,1.4342,1.4593,1.4925,1.5258,1.5512,1.5734,1.5987,1.6236,1.6458,1.6676,1.6895,1.7111,1.7449,1.7699,1.7925,1.8183,1.8512,1.8841,1.9174,1.9407,1.9659,1.9916,2.0282,2.1009,2.1342,2.1704,2.1969,2.2271,2.2603,2.2825,2.3041,2.3293,2.3538,2.3799,2.4054,2.4301,2.4633,2.4855
7,6,0,0,0,1
1,1,1,1,0,0,0,0,0,0,0,0,0,0,0,0,1,1,1,1,1,1,1,1,1,1,1,1,1,1,1,1,1,1,1,1,1,1,1,1,1,1,1,1,1,1,1,1,1,1,1,1,1,1,1,1,1,1,1,1,1,1,1,1,1,1,1,1,1,1,1,1,1,1,1,1,1,1,1,1,1,1,1,1,1,1,1,1,1,1,1,1,1,1,1,1,1,1,1,1,1,1,1,1,1,1,1,1,1,1,1,1,1,1,1,1,1,1,1,1,1,1,1,1,1,1,0,1
0.012725,0.024424,0.035911,0.047423,0.058766,0.070264,0.081765,0.093144,0.10498,0.11824,0.13163,0.14557,0.16136,0.17706,0.19365,0.20906,0.22145,0.23367,0.24541,0.25689,0.26839,0.27976,0.29127,0.30298,0.31623,0.32949,0.34356,0.35818,0.37378,0.38902,0.40508,0.4168,0.42817,0.43991,0.4515,0.4634,0.47489,0.4864,0.49776,0.50961,0.52312,0.53647,0.55069,0.56597,0.58153,0.59752,0.61218,0.62443,0.63681,0.64854,0.66001,0.67151,0.68288,0.6944,0.7061,0.71936,0.73261,0.74598,0.76092,0.77659,0.79299,0.80822,0.81995,0.83169,0.84344,0.85517,0.86651,0.87801,0.8895,0.9009,0.91272,0.92598,0.93922,0.95296,0.96753,0.98316,0.99929,1.0512,1.0734,1.0959,1.1228,1.1588,1.1857,1.2193,1.2522,1.2744,1.2965,1.3305,1.3543,1.3799,1.4061,1.4399,1.4621,1.4845,1.519,1.5425,1.5638,1.5903,1.6233,1.6566,1.6896,1.7121,1.7358,1.7592,1.7806,1.8171,1.8396,1.861,1.8874,1.9214,1.9556,1.9812,2.0176,2.0908,2.1255,2.1599,2.1855,2.2142,2.2362,2.2587,2.2812,2.3144,2.3384,2.3619,2.3876,2.4221,2.4553,2.4773
8,7,0,0,0,1
1,1,1,1,1,1,1,1,1,1,1,1,1,1,1,1,1,1,1,1,1,1,1,1,1,1,1,1,1,1,1,1,1,1,1,1,1,1,1,1,1,1,1,1,1,1,1,1,1,1,1,1,1,1,1,1,1,1,1,1,1,1,1,1,1,1,1,1,1,1,1,1,1,1,1,1,1,1,1,1,1,1,1,1,1,1,1,1,1,1,1,1,1,1,1,1,1,1,1,1,1,1,1,1,1,1,1,1,1,1,1,1,1,1,1,1,1,1,1,1,1,1,1,1,1,1,1,1,1,1,1,1
0.011596,0.023091,0.035716,0.047725,0.059445,0.071184,0.082684,0.094594,0.1087,0.12213,0.13539,0.14862,0.16232,0.17653,0.19108,0.20246,0.21422,0.22596,0.23772,0.24986,0.26158,0.27293,0.28444,0.29648,0.31072,0.32413,0.3374,0.35063,0.36405,0.37834,0.39245,0.40395,0.41544,0.42714,0.43948,0.45223,0.46394,0.47531,0.48681,0.49866,0.51284,0.52626,0.53952,0.55278,0.56641,0.58125,0.59482,0.60632,0.61771,0.62948,0.64224,0.65398,0.66613,0.67856,0.69005,0.70345,0.7175,0.73076,0.74387,0.75714,0.77122,0.78531,0.79869,0.8102,0.82199,0.83422,0.84697,0.85875,0.87045,0.88181,0.89382,0.90822,0.92225,0.9355,0.94863,0.96202,0.97595,0.9905,1.0028,1.038,1.0605,1.0826,1.1185,1.1429,1.1778,1.2106,1.2381,1.2713,1.3066,1.3308,1.3657,1.3907,1.4126,1.4381,1.4576,1.4979,1.5227,1.5463,1.5668,1.6017,1.6236,1.6465,1.6716,1.6945,1.7188,1.7424,1.766,1.7884,1.8098,1.8315,1.8656,1.8902,1.9156,1.9398,1.9743,2.0011,2.0492,2.0821,2.1144,2.1488,2.1733,2.2066,2.2407,2.2642,2.287,2.3224,2.3463,2.3818,2.4051,2.4272,2.46,2.4821
9,5,0,0,0,1
1,1,1,1,1,1,1,1,1,1,1,1,1,1,1,1,1,1,1,1,1,1,1,1,1,1,1,1,1,1,1,1,1,1,1,1,1,1,1,1,1,1,1,1,0,0,1,1,1,1,1,1,1,1,1,1,1,1,1,1,1,1,1,1,1,1,1,1,1,1,1,1,1,1,1,1,1,1,1,1,1,1,1,1,1,1,0,1,1,1,1,1,1,1,1,1,1,1,1,1,1,1,1,1,1,1,1,1,1,1,0,0,1,1,1,1,1,1,1,1,1,1,1,1,1,1,1,1,1,1
0.011678,0.023377,0.035803,0.047765,0.059894,0.071614,0.08397,0.098664,0.11431,0.1288,0.14266,0.1564,0.16967,0.18256,0.19395,0.20545,0.21694,0.22832,0.24011,0.25286,0.26549,0.27774,0.29101,0.30573,0.32045,0.335,0.34889,0.36265,0.37617,0.38906,0.40081,0.41233,0.4237,0.43522,0.44674,0.45848,0.47024,0.48299,0.49837,0.51289,0.5277,0.54189,0.55576,0.56955,0.58259,0.59469,0.60619,0.61769,0.62907,0.64122,0.65264,0.66436,0.6761,0.68892,0.70444,0.71915,0.73376,0.74789,0.76164,0.77542,0.78831,0.79981,0.81119,0.82269,0.83421,0.84599,0.85824,0.8706,0.88274,0.8971,0.91211,0.92677,0.94089,0.95466,0.96879,0.9823,0.99432,1.0237,1.0452,1.0785,1.1051,1.1354,1.1602,1.1839,1.2161,1.2473,1.28,1.3168,1.3422,1.3774,1.3998,1.4223,1.4449,1.4646,1.5022,1.5286,1.5642,1.5881,1.6102,1.6322,1.6567,1.6822,1.7083,1.734,1.7692,1.7952,1.8276,1.8606,1.8821,1.9039,1.9406,1.9648,1.9976,2.0305,2.1087,2.1448,2.1688,2.2014,2.2259,2.2495,2.2759,2.3019,2.327,2.3625,2.3859,2.4077,2.4299,2.4476,2.4692,2.4923
10,10,0,1,0,0
1,1,1,1,1,1,1,1,1,1,1,1,1,1,1,1,1,1,1,1,1,1,1,1,1,1,1,1,1,1,1,1,1,1,1,1,1,1,1,1,1,1,1,1,1,1,1,1,1,1,1,1,1,1,1,1,1,1,1,1,1,1,1,1,1,1,1,1,1,1,1,1,1,1,0,0,0,0,0,0,0,0,0,1,1,1,1,1,1,1,1,1,1,1,1,1,1,1,1,1,1,1,1,1,1,1,1,1,1,1,1,1,1,1,1,1,1,1,1,1,1,1,1,1,1,1,1
0.011684,0.023056,0.034552,0.04592,0.057705,0.07005,0.08583,0.10107,0.11625,0.13183,0.14652,0.1604,0.17356,0.18506,0.19643,0.20791,0.21929,0.23079,0.24229,0.25369,0.26599,0.28119,0.29588,0.31128,0.32636,0.34145,0.35609,0.36919,0.38067,0.39219,0.40355,0.41504,0.42654,0.43792,0.44943,0.46081,0.47318,0.48889,0.50416,0.51928,0.5349,0.54949,0.56329,0.57544,0.58693,0.59842,0.6098,0.62134,0.63315,0.64505,0.65656,0.66854,0.68435,0.69908,0.71465,0.73038,0.74498,0.75896,0.77207,0.78355,0.79493,0.80643,0.81791,0.82929,0.8408,0.85217,0.86368,0.87627,0.89104,0.90577,0.92102,0.9366,0.95107,0.96482,0.97681,0.9883,0.99968,1.0291,1.0623,1.0995,1.126,1.1616,1.1834,1.2059,1.2284,1.2467,1.2688,1.2942,1.3305,1.3602,1.3933,1.4158,1.4383,1.4638,1.4899,1.5163,1.5529,1.5726,1.5944,1.6268,1.6492,1.6723,1.7091,1.7355,1.7707,1.7956,1.8279,1.8612,1.8842,1.9057,1.9414,1.9662,1.9991,2.0321,2.1092,2.1468,2.1712,2.2038,2.2302,2.2516,2.2866,2.3121,2.3409,2.376,2.4008,2.4364,2.4694
11,9,0,1,0,0
1,1,1,1,1,1,1,1,1,1,1,1,1,1,1,1,1,1,1,1,1,1,1,0,0,1,1,1,1,1,1,1,1,1,1,1,1,1,1,1,1,1,1,1,1,1,1,1,1,1,1,1,1,1,1,1,1,1,1,1,1,1,1,1,1,1,1,1,1,1,1,1,1,1,1,1,1,1,1,1,1,1,1,1,1,1,1,1,1,1,1,1,1,1,1,1,1,1,1,1,1,1,1,1,1,1,1,1,1,1,1,1,1,0,0,1,1,1,1,1,1,1,1,1,1,1,1,1,1,1,1
0.011712,0.02318,0.034551,0.046045,0.058543,0.072653,0.086791,0.10066,0.11576,0.13087,0.14561,0.15882,0.17031,0.18181,0.19319,0.20494,0.21643,0.22793,0.23929,0.25132,0.26568,0.28041,0.29453,0.30866,0.32297,0.33761,0.35132,0.36269,0.37444,0.38618,0.39794,0.40943,0.42093,0.4323,0.4438,0.45571,0.46996,0.48457,0.49879,0.51294,0.52771,0.54299,0.55657,0.56832,0.57982,0.5913,0.60268,0.6142,0.62569,0.63705,0.64854,0.66108,0.67521,0.68928,0.70355,0.71764,0.73245,0.74711,0.76045,0.77194,0.7833,0.79481,0.80631,0.81769,0.82918,0.84067,0.85224,0.86658,0.88053,0.89464,0.90942,0.92359,0.93833,0.9524,0.96406,0.97544,0.98694,0.99843,1.0298,1.0517,1.087,1.1118,1.1399,1.1632,1.1857,1.2082,1.2304,1.2482,1.2733,1.2976,1.3335,1.3609,1.3938,1.4271,1.4493,1.4711,1.5073,1.5322,1.565,1.5997,1.6222,1.6447,1.6815,1.7057,1.7411,1.764,1.7864,1.8104,1.8321,1.8667,1.8936,1.9302,1.9545,1.988,2.0131,2.0994,2.1278,2.1627,2.1852,2.2071,2.2317,2.2542,2.2902,2.3152,2.3425,2.3657,2.3879,2.4104,2.444,2.4678,2.4932
12,9,0,1,0,0
1,1,1,1,1,1,1,1,1,1,1,1,1,1,1,1,1,1,1,1,1,1,1,1,1,1,1,1,1,1,1,1,1,1,1,1,1,1,1,1,1,1,1,1,1,1,1,1,1,1,1,1,1,1,1,1,1,1,1,1,1,1,1,1,1,1,1,1,1,1,1,1,1,1,1,1,1,1,1,1,1,1,1,1,1,1,1,1,1,1,1,1,1,1,1,1,1,1,1,1,1,1,1,1,1,1,1,1,1,1,1,1,1,1,1,1,1,1,1,1,1,1,1,1,1,1,1,1,1,1
0.011718,0.023453,0.03526,0.047595,0.062284,0.076877,0.090816,0.1049,0.11894,0.13226,0.14592,0.15741,0.16894,0.18032,0.19205,0.20381,0.21556,0.22732,0.23905,0.25139,0.26614,0.28075,0.29469,0.30903,0.32302,0.33637,0.34979,0.3613,0.37266,0.38444,0.39617,0.40768,0.41944,0.43119,0.44294,0.4557,0.47031,0.48463,0.49853,0.5129,0.5269,0.54025,0.55366,0.56517,0.57782,0.5898,0.60129,0.61269,0.62442,0.63618,0.64825,0.66282,0.67823,0.69199,0.70627,0.72038,0.73376,0.74671,0.75817,0.76992,0.78227,0.79394,0.80541,0.81693,0.82869,0.84069,0.85278,0.86755,0.88211,0.89585,0.91008,0.92413,0.93788,0.95079,0.96229,0.97367,0.98518,0.99668,1.0299,1.0668,1.092,1.1341,1.1546,1.1869,1.2202,1.2546,1.2806,1.3166,1.3407,1.3628,1.3853,1.4076,1.44,1.4654,1.4868,1.5119,1.5362,1.5587,1.5805,1.6037,1.6256,1.6612,1.6866,1.7216,1.744,1.7662,1.7995,1.8216,1.8432,1.8794,1.9047,1.9404,1.9624,1.9847,2.0173,2.0935,2.129,2.1525,2.1742,2.2066,2.229,2.248,2.2843,2.3086,2.333,2.3592,2.3922,2.4257,2.4476,2.4692
