1,0,2,2,0,1
2,1,1,0,1,0
2,1,0,0,2,0
2,1,0,0,3,0
2,1,0,0,4,0
2,1,0,0,5,0
2,1,0,0,6,0
2,2,1,1,6,0
2,2,0,1,7,0
2,2,0,1,8,0
2,2,0,1,9,0
2,2,0,1,10,0
2,3,1,1,11,0
2,3,0,1,12,0
2,3,0,1,13,0
2,3,0,1,14,0
2,3,0,1,15,0
2,3,0,1,16,0
2,3,0,1,17,0
2,3,0,1,18,0
2,3,0,1,19,0
2,3,0,1,20,0
2,3,0,1,21,0
2,3,0,1,22,0
2,3,0,1,23,0
2,3,1,2,23,1
3,1,1,0,1,0
3,1,0,0,2,0
3,1,0,0,3,0
3,1,0,0,4,0
3,1,0,0,5,0
3,1,0,0,6,0
3,1,0,0,7,0
3,1,0,0,8,0
3,1,0,0,9,0
3,1,0,0,10,0
3,1,0,0,11,0
3,1,0,0,12,0
3,1,0,0,13,0
3,1,0,0,14,0
3,1,0,0,15,0
3,1,0,0,16,0
3,1,0,0,17,0
3,1,0,0,18,0
3,1,0,0,19,0
3,1,0,0,20,0
3,1,0,0,21,0
3,1,0,0,22,0
3,1,0,0,23,0
3,1,0,0,24,0
3,1,0,0,25,0
3,1,0,0,26,0
3,1,0,0,27,0
3,1,0,0,28,0
3,1,0,0,29,0
3,1,0,0,30,0
3,2,0,0,31,0
3,2,0,0,32,0
3,2,0,0,33,0
3,2,0,0,34,0
3,2,0,0,35,0
3,2,0,0,36,0
3,2,0,0,37,0
3,2,0,0,38,0
3,2,0,0,39,0
3,2,1,0,40,0
3,2,0,0,41,0
3,2,0,0,42,0
3,2,0,0,43,0
3,2,0,0,44,0
3,2,0,0,45,0
3,2,0,0,46,0
3,3,0,0,47,0
3,3,0,0,48,0
3,3,0,0,49,0
3,3,0,0,50,0
3,3,0,0,51,0
3,3,0,0,52,0
3,3,0,0,53,0
3,3,0,0,54,0
3,3,0,0,55,0
3,4,1,1,55,0
3,4,0,1,56,0
3,4,0,1,57,0
3,4,0,1,58,0
3,4,0,1,59,0
3,4,0,1,60,0
3,4,0,1,61,0
3,4,1,1,62,0
3,4,0,1,63,0
3,5,0,1,64,0
3,5,0,1,65,0
3,5,0,1,66,0
3,5,0,1,67,0
3,5,0,1,68,0
3,5,0,1,69,0
3,5,0,1,70,0
3,5,0,1,71,0
3,5,0,1,72,0
3,5,0,1,73,0
3,6,1,1,74,0
3,6,0,1,75,0
3,6,0,1,76,0
3,6,0,1,77,0
3,6,0,1,78,0
3,6,0,1,79,0
3,6,0,1,80,0
3,6,0,1,81,0
3,7,1,2,81,0
3,7,0,2,82,0
3,7,0,2,83,0
3,7,0,2,84,0
3,7,0,2,85,0
3,7,0,2,86,0
3,7,0,2,87,0
3,7,1,2,88,0
3,7,0,2,89,0
3,7,0,2,90,0
3,7,0,2,91,0
3,7,0,2,92,0
3,7,0,2,93,0
3,7,0,2,94,0
3,7,0,2,95,0
3,7,0,2,96,0
3,7,0,2,97,0
3,7,0,2,98,0
3,7,0,2,99,0
3,7,0,2,100,0
3,7,0,2,101,0
3,8,1,2,102,0
3,8,0,2,103,0
3,8,0,2,104,0
3,8,0,2,105,0
3,8,0,2,106,0
3,8,0,2,107,0
3,9,1,3,107,0
3,9,0,3,108,0
3,9,0,3,109,0
3,9,0,3,110,0
3,10,1,3,111,0
3,10,0,3,112,0
3,10,0,3,113,0
3,10,0,3,114,0
3,10,0,3,115,0
3,10,0,3,116,0
3,10,0,3,117,0
3,11,1,3,118,0
3,11,0,3,119,0
3,11,0,3,120,0
3,11,0,3,121,0
3,11,0,3,122,0
3,11,0,3,123,0
3,11,0,3,124,0
3,12,1,4,124,0
3,12,0,4,125,0
3,12,0,4,126,0
3,12,0,4,127,0
3,12,0,4,128,0
3,12,0,4,129,0
3,12,0,4,130,0
3,13,1,4,131,0
3,13,0,4,132,0
3,13,0,4,133,0
3,13,0,4,134,0
3,13,0,4,135,0
3,13,0,4,136,0
3,13,0,4,137,0
3,13,0,4,138,0
3,13,0,4,139,0
3,13,0,4,140,0
3,13,1,4,141,0
3,13,0,4,142,0
3,13,0,4,143,0
3,13,0,4,144,0
3,13,0,4,145,0
3,13,0,4,146,0
3,13,0,4,147,0
3,13,0,4,148,0
3,13,0,4,149,0
3,13,0,4,150,0
3,13,0,4,151,0
3,13,0,4,152,0
3,13,0,4,153,0
3,13,0,4,154,0
3,13,0,4,155,0
3,13,1,5,155,1
4,1,1,0,1,0
4,1,0,0,2,0
4,1,0,0,3,0
4,1,0,0,4,0
4,1,0,0,5,0
4,1,0,0,6,0
4,1,0,0,7,0
4,1,0,0,8,0
4,1,0,0,9,0
4,1,1,0,10,0
4,1,0,0,11,0
4,1,0,0,12,0
4,2,0,0,13,0
4,2,0,0,14,0
4,2,0,0,15,0
4,2,0,0,16,0
4,2,0,0,17,0
4,2,0,0,18,0
4,2,0,0,19,0
4,2,0,0,20,0
4,2,0,0,21,0
4,2,0,0,22,0
4,2,0,0,23,0
4,2,0,0,24,0
4,2,0,0,25,0
4,2,0,0,26,0
4,2,0,0,27,0
4,2,0,0,28,0
4,2,0,0,29,0
4,2,1,0,30,0
4,2,0,0,31,0
4,2,0,0,32,0
4,2,0,0,33,0
4,2,0,0,34,0
4,2,0,0,35,0
4,2,0,0,36,0
4,2,0,0,37,0
4,2,0,0,38,0
4,2,0,0,39,0
4,2,0,0,40,0
4,2,0,0,41,0
4,2,0,0,42,0
4,2,0,0,43,0
4,2,0,0,44,0
4,2,0,0,45,0
4,2,0,0,46,0
4,2,0,0,47,0
4,2,0,0,48,0
4,2,0,0,49,0
4,2,0,0,50,0
4,2,0,0,51,0
4,2,0,0,52,0
4,2,0,0,53,0
4,2,0,0,54,0
4,2,0,0,55,0
4,2,0,0,56,0
4,2,0,0,57,0
4,2,0,0,58,0
4,2,0,0,59,0
4,2,0,0,60,0
4,2,0,0,61,0
4,2,0,0,62,0
4,2,0,0,63,0
4,2,0,0,64,0
4,2,0,0,65,0
4,2,0,0,66,0
4,2,0,0,67,0
4,2,0,0,68,0
4,2,0,0,69,0
4,2,0,0,70,0
4,2,0,0,71,0
4,2,0,0,72,0
4,2,0,0,73,0
4,2,0,0,74,0
4,2,0,0,75,0
4,2,0,0,76,0
4,2,0,0,77,0
4,2,0,0,78,0
4,2,0,0,79,0
4,2,0,0,80,0
4,2,0,0,81,0
4,2,0,0,82,0
4,2,0,0,83,0
4,2,0,0,84,0
4,2,0,0,85,0
4,2,0,0,86,0
4,2,0,0,87,0
4,2,0,0,88,0
4,2,0,0,89,0
4,2,0,0,90,0
4,2,0,0,91,0
4,2,0,0,92,0
4,2,0,0,93,0
4,2,0,0,94,0
4,2,0,0,95,0
4,2,0,0,96,0
4,2,0,0,97,0
4,2,0,0,98,0
4,2,0,0,99,0
4,2,0,0,100,0
4,2,0,0,101,0
4,2,0,0,102,0
4,2,0,0,103,0
4,2,0,0,104,0
4,2,0,0,105,0
4,2,0,0,106,0
4,2,0,0,107,0
4,2,0,0,108,0
4,2,0,0,109,0
4,2,0,0,110,0
4,2,0,0,111,0
4,3,1,1,111,0
4,3,0,1,112,0
4,3,0,1,113,0
4,3,0,1,114,0
4,3,0,1,115,0
4,3,0,1,116,0
4,3,0,1,117,0
4,3,0,1,118,0
4,3,0,1,119,0
4,3,0,1,120,0
4,3,0,1,121,0
4,3,0,1,122,0
4,3,0,1,123,0
4,3,0,1,124,0
4,3,0,1,125,0
4,3,0,1,126,0
4,3,0,1,127,0
4,3,0,1,128,0
4,3,0,1,129,0
4,3,0,1,130,0
4,3,0,1,131,0
4,3,0,1,132,0
4,3,0,1,133,0
4,3,0,1,134,0
4,3,0,1,135,0
4,3,0,1,136,0
4,3,0,1,137,0
4,3,0,1,138,0
4,3,0,1,139,0
4,3,0,1,140,0
4,3,0,1,141,0
4,3,0,1,142,0
4,3,0,1,143,0
4,3,0,1,144,0
4,3,0,1,145,0
4,3,0,1,146,0
4,3,0,1,147,0
4,3,0,1,148,0
4,3,0,1,149,0
4,3,0,1,150,0
4,3,0,1,151,0
4,4,0,1,152,0
4,4,1,1,153,0
4,4,0,1,154,0
4,4,0,1,155,0
4,4,0,1,156,0
4,4,0,1,157,0
4,4,0,1,158,0
4,4,1,1,159,0
4,4,0,1,160,0
4,4,0,1,161,0
4,4,0,1,162,0
4,4,0,1,163,0
4,4,0,1,164,0
4,4,0,1,165,0
4,4,0,1,166,0
4,4,0,1,167,0
4,4,0,1,168,0
4,4,0,1,169,0
4,4,0,1,170,0
4,4,0,1,171,0
4,4,0,1,172,0
4,4,0,1,173,0
4,4,0,1,174,0
4,4,0,1,175,0
4,5,0,1,176,0
4,5,0,1,177,0
4,5,0,1,178,0
4,5,0,1,179,0
4,5,0,1,180,0
4,5,0,1,181,0
4,5,0,1,182,0
4,5,0,1,183,0
4,5,0,1,184,0
4,5,0,1,185,0
4,5,0,1,186,0
4,5,0,1,187,0
4,5,0,1,188,0
4,5,0,1,189,0
4,5,0,1,190,0
4,5,0,1,191,0
4,5,0,1,192,0
4,5,0,1,193,0
4,5,0,1,194,0
4,5,0,1,195,0
4,5,0,1,196,0
4,5,0,1,197,0
4,5,0,1,198,0
4,5,0,1,199,0
4,5,0,1,200,0
4,5,0,1,201,0
4,5,0,1,202,0
4,5,0,1,203,0
4,5,0,1,204,0
4,5,0,1,205,0
4,5,0,1,206,0
4,5,0,1,207,0
4,5,0,1,208,0
4,5,0,1,209,0
4,5,0,1,210,0
4,5,0,1,211,0
4,5,0,1,212,0
4,5,0,1,213,0
4,5,0,1,214,0
4,5,0,1,215,0
4,5,0,1,216,0
4,5,0,1,217,0
4,5,0,1,218,0
4,5,0,1,219,0
4,5,0,1,220,0
4,5,0,1,221,0
4,5,0,1,222,0
4,5,0,1,223,0
4,5,0,1,224,0
4,5,0,1,225,0
4,5,0,1,226,0
4,5,0,1,227,0
4,5,0,1,228,0
4,5,0,1,229,0
4,5,0,1,230,0
4,5,0,1,231,0
4,5,0,1,232,0
4,5,0,1,233,0
4,5,0,1,234,0
4,5,0,1,235,0
4,5,0,1,236,0
4,5,0,1,237,0
4,5,0,1,238,0
4,5,0,1,239,0
4,5,0,1,240,0
4,5,0,1,241,0
4,5,0,1,242,0
4,5,0,1,243,0
4,5,0,1,244,0
4,5,0,1,245,0
4,5,0,1,246,0
4,5,0,1,247,0
4,5,0,1,248,0
4,5,0,1,249,0
4,5,0,1,250,0
4,5,0,1,251,0
4,5,0,1,252,0
4,5,0,1,253,0
4,5,0,1,254,0
4,5,0,1,255,0
4,5,0,1,256,0
4,5,0,1,257,0
4,5,0,1,258,0
4,5,0,1,259,0
4,5,0,1,260,0
4,5,0,1,261,0
4,5,0,1,262,0
4,5,0,1,263,0
4,5,0,1,264,0
4,5,0,1,265,0
4,5,0,1,266,0
4,5,0,1,267,0
4,5,0,1,268,0
4,5,0,1,269,0
4,5,0,1,270,0
4,5,0,1,271,0
4,5,0,1,272,0
4,5,0,1,273,0
4,5,0,1,274,0
4,5,0,1,275,0
4,5,0,1,276,0
4,5,0,1,277,0
4,5,0,1,278,0
4,5,0,1,279,0
4,5,0,1,280,0
4,5,0,1,281,0
4,5,0,1,282,0
4,5,1,1,283,0
4,6,0,1,284,0
4,6,0,1,285,0
4,6,0,1,286,0
4,7,1,2,286,0
4,7,0,2,287,0
4,7,0,2,288,0
4,7,0,2,289,0
4,7,0,2,290,0
4,7,0,2,291,0
4,7,0,2,292,0
4,7,0,2,293,0
4,7,0,2,294,0
4,7,0,2,295,0
4,7,0,2,296,0
4,7,0,2,297,0
4,7,0,2,298,0
4,7,0,2,299,0
4,7,0,2,300,0
4,7,0,2,301,0
4,7,0,2,302,0
4,7,0,2,303,0
4,7,0,2,304,0
4,7,0,2,305,0
4,7,0,2,306,0
4,7,0,2,307,0
4,7,0,2,308,0
4,7,0,2,309,0
4,7,0,2,310,0
4,7,0,2,311,0
4,7,0,2,312,0
4,7,0,2,313,0
4,7,0,2,314,0
4,7,0,2,315,0
4,7,0,2,316,0
4,7,0,2,317,0
4,7,0,2,318,0
4,7,0,2,319,0
4,7,0,2,320,0
4,7,0,2,321,0
4,7,0,2,322,0
4,7,0,2,323,0
4,7,0,2,324,0
4,7,0,2,325,0
4,7,0,2,326,0
4,7,0,2,327,0
4,7,0,2,328,0
4,7,0,2,329,0
4,7,0,2,330,0
4,7,0,2,331,0
4,7,0,2,332,0
4,7,0,2,333,0
4,7,0,2,334,0
4,7,0,2,335,0
4,7,0,2,336,0
4,7,0,2,337,0
4,7,0,2,338,0
4,7,0,2,339,0
4,7,0,2,340,0
4,7,0,2,341,0
4,7,0,2,342,0
4,7,0,2,343,0
4,7,0,2,344,0
4,7,0,2,345,0
4,7,0,2,346,0
4,7,0,2,347,0
4,7,0,2,348,0
4,7,1,2,349,0
4,8,0,2,350,0
4,8,0,2,351,0
4,8,0,2,352,0
4,8,0,2,353,0
4,8,0,2,354,0
4,8,0,2,355,0
4,8,0,2,356,0
4,9,1,2,357,0
4,9,0,2,358,0
4,9,0,2,359,0
4,9,0,2,360,0
4,9,0,2,361,0
4,9,0,2,362,0
4,9,0,2,363,0
4,9,0,2,364,0
4,9,0,2,365,0
4,9,0,2,366,0
4,9,0,2,367,0
4,9,0,2,368,0
4,9,0,2,369,0
4,9,0,2,370,0
4,9,0,2,371,0
4,9,0,2,372,0
4,9,0,2,373,0
4,9,0,2,374,0
4,9,0,2,375,0
4,9,0,2,376,0
4,9,0,2,377,0
4,9,0,2,378,0
4,9,0,2,379,0
4,9,0,2,380,0
4,9,0,2,381,0
4,9,0,2,382,0
4,9,0,2,383,0
4,9,0,2,384,0
4,9,0,2,385,0
4,9,0,2,386,0
4,9,0,2,387,0
4,9,0,2,388,0
4,9,0,2,389,0
4,9,0,2,390,0
4,9,0,2,391,0
4,9,0,2,392,0
4,9,0,2,393,0
4,9,0,2,394,0
4,9,0,2,395,0
4,10,1,2,396,0
4,10,0,2,397,0
4,10,0,2,398,0
4,10,0,2,399,0
4,10,0,2,400,0
4,10,0,2,401,0
4,10,0,2,402,0
4,10,0,2,403,0
4,10,0,2,404,0
4,10,0,2,405,0
4,10,0,2,406,0
4,10,0,2,407,0
4,10,0,2,408,0
4,10,0,2,409,0
4,10,0,2,410,0
4,10,0,2,411,0
4,10,0,2,412,0
4,10,0,2,413,0
4,10,0,2,414,0
4,10,0,2,415,0
4,10,0,2,416,0
4,10,0,2,417,0
4,10,0,2,418,0
4,10,0,2,419,0
4,10,0,2,420,0
4,10,0,2,421,0
4,10,0,2,422,0
4,10,0,2,423,0
4,10,0,2,424,0
4,10,0,2,425,0
4,10,0,2,426,0
4,10,0,2,427,0
4,10,0,2,428,0
4,10,0,2,429,0
4,10,0,2,430,0
4,10,0,2,431,0
4,10,0,2,432,0
4,10,0,2,433,0
4,10,0,2,434,0
4,10,0,2,435,0
4,10,0,2,436,0
4,10,0,2,437,0
4,10,0,2,438,0
4,10,0,2,439,0
4,10,0,2,440,0
4,10,0,2,441,0
4,10,0,2,442,0
4,10,0,2,443,0
4,10,0,2,444,0
4,10,0,2,445,0
4,10,0,2,446,0
4,10,0,2,447,0
4,10,0,2,448,0
4,10,0,2,449,0
4,10,0,2,450,0
4,10,0,2,451,0
4,10,0,2,452,0
4,10,0,2,453,0
4,10,0,2,454,0
4,10,0,2,455,0
4,10,0,2,456,0
4,10,0,2,457,0
4,10,0,2,458,0
4,11,0,2,459,0
4,11,0,2,460,0
4,11,0,2,461,0
4,11,0,2,462,0
4,11,0,2,463,0
4,11,0,2,464,0
4,11,0,2,465,0
4,11,0,2,466,0
4,11,0,2,467,0
4,11,0,2,468,0
4,11,0,2,469,0
4,11,0,2,470,0
4,11,0,2,471,0
4,11,0,2,472,0
4,11,0,2,473,0
4,11,0,2,474,0
4,11,0,2,475,0
4,11,0,2,476,0
4,11,0,2,477,0
4,11,0,2,478,0
4,11,0,2,479,0
4,11,0,2,480,0
4,11,0,2,481,0
4,11,0,2,482,0
4,11,0,2,483,0
4,11,0,2,484,0
4,11,0,2,485,0
4,11,0,2,486,0
4,11,0,2,487,0
4,11,0,2,488,0
4,11,0,2,489,0
4,11,0,2,490,0
4,11,0,2,491,0
4,11,0,2,492,0
4,11,0,2,493,0
4,11,0,2,494,0
4,11,0,2,495,0
4,11,0,2,496,0
4,11,0,2,497,0
4,11,0,2,498,0
4,11,0,2,499,0
4,11,0,2,500,0
4,11,0,2,501,0
4,11,0,2,502,0
4,11,0,2,503,0
4,11,0,2,504,0
4,11,0,2,505,0
4,11,0,2,506,0
4,11,0,2,507,0
4,11,0,2,508,0
4,11,0,2,509,0
4,11,0,2,510,0
4,12,0,2,511,0
4,12,0,2,512,0
4,12,0,2,513,0
4,12,0,2,514,0
4,12,0,2,515,0
4,12,0,2,516,0
4,12,0,2,517,0
4,12,0,2,518,0
4,12,0,2,519,0
4,12,0,2,520,0
4,12,0,2,521,0
4,12,0,2,522,0
4,12,0,2,523,0
4,12,0,2,524,0
4,12,0,2,525,0
4,12,0,2,526,0
4,12,0,2,527,0
4,12,0,2,528,0
4,12,0,2,529,0
4,12,0,2,530,0
4,12,0,2,531,0
4,12,0,2,532,0
4,12,0,2,533,0
4,12,0,2,534,0
4,12,0,2,535,0
4,12,0,2,536,0
4,12,0,2,537,0
4,12,0,2,538,0
4,12,0,2,539,0
4,12,0,2,540,0
4,12,0,2,541,0
4,12,0,2,542,0
4,12,0,2,543,0
4,12,0,2,544,0
4,12,0,2,545,0
4,12,0,2,546,0
4,12,0,2,547,0
4,12,0,2,548,0
4,12,0,2,549,0
4,12,0,2,550,0
4,12,0,2,551,0
4,12,0,2,552,0
4,12,0,2,553,0
4,12,0,2,554,0
4,12,0,2,555,0
4,12,0,2,556,0
4,12,0,2,557,0
4,12,0,2,558,0
4,12,0,2,559,0
4,12,0,2,560,0
4,12,0,2,561,0
4,12,0,2,562,0
4,12,0,2,563,0
4,12,0,2,564,0
4,12,0,2,565,0
4,12,0,2,566,0
4,12,0,2,567,0
4,12,0,2,568,0
4,12,0,2,569,0
4,12,0,2,570,0
4,12,0,2,571,0
4,12,0,2,572,0
4,12,0,2,573,0
4,12,0,2,574,0
4,12,0,2,575,0
4,12,0,2,576,0
4,12,0,2,577,0
4,12,0,2,578,0
4,12,0,2,579,0
4,12,0,2,580,0
4,12,0,2,581,0
4,12,0,2,582,0
4,12,0,2,583,0
4,12,0,2,584,0
4,12,0,2,585,0
4,12,1,2,586,0
4,12,0,2,587,0
4,12,0,2,588,0
4,12,0,2,589,0
4,12,0,2,590,0
4,12,0,2,591,0
4,12,0,2,592,0
4,12,0,2,593,0
4,12,0,2,594,0
4,12,0,2,595,0
4,12,0,2,596,0
4,12,0,2,597,0
4,12,0,2,598,0
4,12,0,2,599,0
4,12,0,2,600,0
4,12,0,2,601,0
4,12,0,2,602,0
4,12,0,2,603,0
4,12,0,2,604,0
4,12,0,2,605,0
4,12,0,2,606,0
4,12,0,2,607,0
4,12,0,2,608,0
4,12,0,2,609,0
4,12,0,2,610,0
4,12,1,2,611,0
4,12,0,2,612,0
4,13,0,2,613,0
4,13,0,2,614,0
4,13,0,2,615,0
4,13,0,2,616,0
4,13,0,2,617,0
4,13,0,2,618,0
4,13,0,2,619,0
4,13,0,2,620,0
4,13,0,2,621,0
4,13,0,2,622,0
4,13,0,2,623,0
4,13,0,2,624,0
4,13,0,2,625,0
4,13,0,2,626,0
4,13,0,2,627,0
4,13,0,2,628,0
4,13,0,2,629,0
4,13,0,2,630,0
4,13,0,2,631,0
4,13,0,2,632,0
4,13,0,2,633,0
4,13,0,2,634,0
4,13,0,2,635,0
4,13,0,2,636,0
4,13,0,2,637,0
4,13,0,2,638,0
4,13,0,2,639,0
4,13,0,2,640,0
4,13,0,2,641,0
4,13,0,2,642,0
4,13,0,2,643,0
4,13,0,2,644,0
4,13,0,2,645,0
4,13,0,2,646,0
4,13,0,2,647,0
4,13,0,2,648,0
4,13,0,2,649,0
4,13,0,2,650,0
4,14,1,2,651,0
4,14,0,2,652,0
4,14,0,2,653,0
4,14,0,2,654,0
4,14,0,2,655,0
4,14,0,2,656,0
4,14,0,2,657,0
4,14,0,2,658,0
4,14,0,2,659,0
4,14,0,2,660,0
4,14,0,2,661,0
4,14,0,2,662,0
4,14,0,2,663,0
4,14,0,2,664,0
4,14,0,2,665,0
4,14,0,2,666,0
4,14,0,2,667,0
4,14,0,2,668,0
4,14,0,2,669,0
4,14,0,2,670,0
4,14,0,2,671,0
4,14,0,2,672,0
4,14,0,2,673,0
4,14,0,2,674,0
4,14,0,2,675,0
4,14,0,2,676,0
4,14,0,2,677,0
4,14,0,2,678,0
4,14,0,2,679,0
4,14,0,2,680,0
4,14,0,2,681,0
4,14,0,2,682,0
4,14,0,2,683,0
4,14,0,2,684,0
4,14,0,2,685,0
4,14,0,2,686,0
4,14,0,2,687,0
4,14,0,2,688,0
4,14,0,2,689,0
4,14,0,2,690,0
4,14,0,2,691,0
4,14,0,2,692,0
4,14,0,2,693,0
4,14,0,2,694,0
4,14,0,2,695,0
4,14,0,2,696,0
4,14,0,2,697,0
4,14,0,2,698,0
4,14,0,2,699,0
4,14,0,2,700,0
4,14,0,2,701,0
4,14,0,2,702,0
4,14,0,2,703,0
4,14,0,2,704,0
4,14,0,2,705,0
4,14,0,2,706,0
4,14,0,2,707,0
4,14,0,2,708,0
4,14,0,2,709,0
4,14,0,2,710,0
4,14,0,2,711,0
4,14,0,2,712,0
4,14,0,2,713,0
4,15,1,3,713,0
4,15,0,3,714,0
4,15,0,3,715,0
4,15,0,3,716,0
4,15,0,3,717,0
4,15,0,3,718,0
4,15,0,3,719,0
4,15,0,3,720,0
4,15,0,3,721,0
4,15,0,3,722,0
4,15,0,3,723,0
4,15,0,3,724,0
4,15,0,3,725,0
4,15,0,3,726,0
4,15,0,3,727,0
4,15,0,3,728,0
4,15,0,3,729,0
4,15,0,3,730,0
4,15,0,3,731,0
4,15,0,3,732,0
4,15,0,3,733,0
4,15,0,3,734,0
4,15,0,3,735,0
4,15,0,3,736,0
4,15,0,3,737,0
4,15,0,3,738,0
4,15,0,3,739,0
4,15,0,3,740,0
4,15,0,3,741,0
4,15,0,3,742,0
4,15,0,3,743,0
4,15,0,3,744,0
4,15,0,3,745,0
4,15,0,3,746,0
4,15,0,3,747,0
4,15,0,3,748,0
4,15,0,3,749,0
4,15,0,3,750,0
4,15,0,3,751,0
4,15,0,3,752,0
4,15,0,3,753,0
4,15,0,3,754,0
4,15,0,3,755,0
4,15,0,3,756,0
4,15,0,3,757,0
4,15,0,3,758,0
4,15,0,3,759,0
4,15,0,3,760,0
4,15,0,3,761,0
4,15,0,3,762,0
4,15,0,3,763,0
4,15,0,3,764,0
4,15,0,3,765,0
4,15,0,3,766,0
4,15,0,3,767,0
4,15,0,3,768,0
4,15,0,3,769,0
4,15,0,3,770,0
4,15,0,3,771,0
4,15,0,3,772,0
4,15,0,3,773,0
4,15,0,3,774,0
4,15,0,3,775,0
4,15,0,3,776,0
4,15,0,3,777,0
4,15,0,3,778,0
4,15,0,3,779,0
4,15,0,3,780,0
4,15,0,3,781,0
4,15,0,3,782,0
4,15,0,3,783,0
4,15,0,3,784,0
4,15,0,3,785,0
4,15,0,3,786,0
4,15,0,3,787,0
4,15,0,3,788,0
4,15,0,3,789,0
4,15,0,3,790,0
4,15,0,3,791,0
4,15,0,3,792,0
4,15,0,3,793,0
4,15,0,3,794,0
4,15,0,3,795,0
4,15,0,3,796,0
4,15,0,3,797,0
4,15,0,3,798,0
4,15,0,3,799,0
4,15,0,3,800,0
4,15,0,3,801,0
4,15,0,3,802,0
4,15,0,3,803,0
4,15,0,3,804,0
4,15,0,3,805,0
4,15,0,3,806,0
4,15,0,3,807,0
4,15,0,3,808,0
4,15,0,3,809,0
4,15,0,3,810,0
4,15,0,3,811,0
4,15,0,3,812,0
4,15,0,3,813,0
4,15,0,3,814,0
4,15,0,3,815,0
4,15,0,3,816,0
4,15,0,3,817,0
4,15,0,3,818,0
4,15,0,3,819,0
4,15,0,3,820,0
4,15,0,3,821,0
4,15,0,3,822,0
4,15,0,3,823,0
4,15,0,3,824,0
4,15,0,3,825,0
4,15,0,3,826,0
4,15,0,3,827,0
4,15,0,3,828,0
4,15,0,3,829,0
4,15,0,3,830,0
4,15,0,3,831,0
4,15,0,3,832,0
4,15,0,3,833,0
4,15,0,3,834,0
4,15,0,3,835,0
4,15,0,3,836,0
4,15,0,3,837,0
4,15,0,3,838,0
4,15,0,3,839,0
4,15,0,3,840,0
4,15,0,3,841,0
4,15,0,3,842,0
4,15,0,3,843,0
4,15,0,3,844,0
4,15,0,3,845,0
4,15,0,3,846,0
4,15,0,3,847,0
4,15,0,3,848,0
4,15,0,3,849,0
4,15,0,3,850,0
4,15,0,3,851,0
4,15,0,3,852,0
4,15,0,3,853,0
4,15,0,3,854,0
4,15,0,3,855,0
4,15,0,3,856,0
4,15,0,3,857,0
4,15,0,3,858,0
4,15,0,3,859,0
4,15,0,3,860,0
4,15,0,3,861,0
4,15,0,3,862,0
4,15,0,3,863,0
4,15,0,3,864,0
4,15,0,3,865,0
4,15,0,3,866,0
4,15,0,3,867,0
4,15,0,3,868,0
4,15,0,3,869,0
4,15,0,3,870,0
4,15,0,3,871,0
4,15,0,3,872,0
4,15,0,3,873,0
4,15,0,3,874,0
4,15,0,3,875,0
4,15,0,3,876,0
4,15,0,3,877,0
4,15,0,3,878,0
4,15,0,3,879,0
4,15,0,3,880,0
4,15,0,3,881,0
4,15,0,3,882,0
4,15,0,3,883,0
4,15,0,3,884,0
4,15,0,3,885,0
4,15,0,3,886,0
4,15,0,3,887,0
4,15,0,3,888,0
4,15,0,3,889,0
4,15,0,3,890,0
4,15,0,3,891,0
4,15,0,3,892,0
4,15,0,3,893,0
4,15,1,3,894,0
4,15,0,3,895,0
4,15,0,3,896,0
4,15,0,3,897,0
4,15,0,3,898,0
4,15,0,3,899,0
4,15,0,3,900,0
4,15,0,3,901,0
4,15,0,3,902,0
4,15,0,3,903,0
4,15,0,3,904,0
4,15,0,3,905,0
4,15,0,3,906,0
4,16,0,3,907,0
4,16,0,3,908,0
4,16,0,3,909,0
4,16,0,3,910,0
4,16,0,3,911,0
4,16,0,3,912,0
4,16,0,3,913,0
4,16,0,3,914,0
4,16,0,3,915,0
4,16,0,3,916,0
4,16,0,3,917,0
4,16,0,3,918,0
4,16,0,3,919,0
4,16,0,3,920,0
4,16,0,3,921,0
4,16,0,3,922,0
4,16,0,3,923,0
4,16,0,3,924,0
4,16,0,3,925,0
4,16,0,3,926,0
4,16,0,3,927,0
4,16,0,3,928,0
4,16,0,3,929,0
4,16,0,3,930,0
4,16,0,3,931,0
4,16,0,3,932,0
4,16,0,3,933,0
4,16,0,3,934,0
4,16,0,3,935,0
4,16,0,3,936,0
4,16,0,3,937,0
4,16,0,3,938,0
4,16,0,3,939,0
4,16,0,3,940,0
4,16,0,3,941,0
4,16,0,3,942,0
4,16,0,3,943,0
4,16,0,3,944,0
4,16,0,3,945,0
4,16,0,3,946,0
4,16,0,3,947,0
4,16,0,3,948,0
4,16,0,3,949,0
4,16,0,3,950,0
4,16,0,3,951,0
4,16,0,3,952,0
4,16,0,3,953,0
4,16,0,3,954,0
4,16,0,3,955,0
4,16,0,3,956,0
4,16,0,3,957,0
4,16,0,3,958,0
4,16,0,3,959,0
4,16,0,3,960,0
4,16,0,3,961,0
4,16,0,3,962,0
4,16,0,3,963,0
4,16,0,3,964,0
4,16,0,3,965,0
4,16,0,3,966,0
4,16,0,3,967,0
4,16,0,3,968,0
4,16,0,3,969,0
4,16,0,3,970,0
4,16,0,3,971,0
4,16,0,3,972,0
4,16,0,3,973,0
4,16,0,3,974,0
4,16,0,3,975,0
4,16,0,3,976,0
4,16,0,3,977,0
4,16,0,3,978,0
4,16,0,3,979,0
4,16,0,3,980,0
4,16,0,3,981,0
4,16,0,3,982,0
4,16,0,3,983,0
4,16,0,3,984,0
4,16,0,3,985,0
4,16,0,3,986,0
4,16,0,3,987,0
4,16,0,3,988,0
4,16,0,3,989,0
4,16,0,3,990,0
4,16,0,3,991,0
4,16,0,3,992,0
4,16,0,3,993,0
4,16,0,3,994,0
4,16,0,3,995,0
4,16,0,3,996,0
4,16,0,3,997,0
4,16,0,3,998,0
4,16,0,3,999,0
4,16,0,3,1000,0
4,16,0,3,1001,0
4,16,0,3,1002,0
4,16,0,3,1003,0
4,16,0,3,1004,0
4,16,0,3,1005,0
4,16,0,3,1006,0
4,16,0,3,1007,0
4,16,0,3,1008,0
4,16,0,3,1009,0
4,16,0,3,1010,0
4,16,0,3,1011,0
4,16,0,3,1012,0
4,16,0,3,1013,0
4,16,0,3,1014,0
4,16,0,3,1015,0
4,16,0,3,1016,0
4,16,0,3,1017,0
4,16,0,3,1018,0
4,16,0,3,1019,0
4,16,0,3,1020,0
4,16,0,3,1021,0
4,16,0,3,1022,0
4,16,0,3,1023,0
4,16,0,3,1024,0
4,16,0,3,1025,0
4,16,0,3,1026,0
4,16,0,3,1027,0
4,16,0,3,1028,0
4,16,0,3,1029,0
4,16,0,3,1030,0
4,16,0,3,1031,0
4,16,0,3,1032,0
4,16,0,3,1033,0
4,16,0,3,1034,0
4,16,0,3,1035,0
4,16,0,3,1036,0
4,16,0,3,1037,0
4,16,0,3,1038,0
4,16,0,3,1039,0
4,16,0,3,1040,0
4,16,0,3,1041,0
4,16,0,3,1042,0
4,16,0,3,1043,0
4,16,0,3,1044,0
4,16,0,3,1045,0
4,16,0,3,1046,0
4,16,0,3,1047,0
4,16,0,3,1048,0
4,16,0,3,1049,0
4,16,0,3,1050,0
4,16,0,3,1051,0
4,16,0,3,1052,0
4,16,0,3,1053,0
4,16,0,3,1054,0
4,16,0,3,1055,0
4,16,0,3,1056,0
4,16,0,3,1057,0
4,16,0,3,1058,0
4,16,0,3,1059,0
4,16,0,3,1060,0
4,16,0,3,1061,0
4,16,0,3,1062,0
4,16,0,3,1063,0
4,16,0,3,1064,0
4,16,0,3,1065,0
4,16,0,3,1066,0
4,16,0,3,1067,0
4,16,0,3,1068,0
4,16,0,3,1069,0
4,16,0,3,1070,0
4,16,0,3,1071,0
4,16,0,3,1072,0
4,16,0,3,1073,0
4,16,0,3,1074,0
4,16,0,3,1075,0
4,16,0,3,1076,0
4,16,0,3,1077,0
4,16,0,3,1078,0
4,16,0,3,1079,0
4,16,0,3,1080,0
4,16,0,3,1081,0
4,16,0,3,1082,0
4,16,0,3,1083,0
4,16,0,3,1084,0
4,16,0,3,1085,0
4,16,0,3,1086,0
4,16,0,3,1087,0
4,16,0,3,1088,0
4,16,0,3,1089,0
4,16,0,3,1090,0
4,16,0,3,1091,0
4,16,0,3,1092,0
4,16,0,3,1093,0
4,16,0,3,1094,0
4,16,0,3,1095,0
4,16,0,3,1096,0
4,16,0,3,1097,0
4,16,0,3,1098,0
4,16,0,3,1099,0
4,16,0,3,1100,0
4,16,0,3,1101,0
4,16,0,3,1102,0
4,16,0,3,1103,0
4,16,0,3,1104,0
4,16,0,3,1105,0
4,16,0,3,1106,0
4,16,0,3,1107,0
4,16,0,3,1108,0
4,16,0,3,1109,0
4,16,0,3,1110,0
4,16,0,3,1111,0
4,16,0,3,1112,0
4,16,0,3,1113,0
4,16,0,3,1114,0
4,16,0,3,1115,0
4,16,0,3,1116,0
4,16,0,3,1117,0
4,16,0,3,1118,0
4,16,0,3,1119,0
4,16,1,3,1120,0
4,16,0,3,1121,0
4,16,0,3,1122,0
4,16,0,3,1123,0
4,16,0,3,1124,0
4,16,0,3,1125,0
4,16,0,3,1126,0
4,16,0,3,1127,0
4,16,0,3,1128,0
4,16,0,3,1129,0
4,16,0,3,1130,0
4,16,0,3,1131,0
4,16,0,3,1132,0
4,16,0,3,1133,0
4,16,0,3,1134,0
4,16,0,3,1135,0
4,16,0,3,1136,0
4,16,0,3,1137,0
4,16,0,3,1138,0
4,16,0,3,1139,0
4,16,0,3,1140,0
4,16,0,3,1141,0
4,16,0,3,1142,0
4,16,0,3,1143,0
4,16,0,3,1144,0
4,16,0,3,1145,0
4,16,0,3,1146,0
4,16,0,3,1147,0
4,16,0,3,1148,0
4,16,0,3,1149,0
4,16,0,3,1150,0
4,16,0,3,1151,0
4,16,0,3,1152,0
4,16,0,3,1153,0
4,16,0,3,1154,0
4,16,0,3,1155,0
4,16,0,3,1156,0
4,16,0,3,1157,0
4,16,0,3,1158,0
4,16,0,3,1159,0
4,16,0,3,1160,0
4,16,0,3,1161,0
4,16,0,3,1162,0
4,16,0,3,1163,0
4,16,0,3,1164,0
4,16,0,3,1165,0
4,16,0,3,1166,0
4,16,0,3,1167,0
4,16,0,3,1168,0
4,16,0,3,1169,0
4,16,1,3,1170,0
4,16,0,3,1171,0
4,16,0,3,1172,0
4,16,0,3,1173,0
4,16,0,3,1174,0
4,16,0,3,1175,0
4,16,0,3,1176,0
4,16,0,3,1177,0
4,16,0,3,1178,0
4,16,0,3,1179,0
4,16,0,3,1180,0
4,16,0,3,1181,0
4,16,0,3,1182,0
4,16,0,3,1183,0
4,17,0,3,1184,0
4,17,0,3,1185,0
4,17,0,3,1186,0
4,17,0,3,1187,0
4,17,0,3,1188,0
4,17,0,3,1189,0
4,18,0,3,1190,0
4,18,0,3,1191,0
4,18,0,3,1192,0
4,18,0,3,1193,0
4,18,0,3,1194,0
4,18,0,3,1195,0
4,18,0,3,1196,0
4,18,0,3,1197,0
4,18,0,3,1198,0
4,18,0,3,1199,0
4,18,0,3,1200,0
4,18,0,3,1201,0
4,18,0,3,1202,0
4,18,0,3,1203,0
4,18,0,3,1204,0
4,18,0,3,1205,0
4,18,0,3,1206,0
4,18,0,3,1207,0
4,18,0,3,1208,0
4,18,0,3,1209,0
4,18,0,3,1210,0
4,18,0,3,1211,0
4,18,0,3,1212,0
4,18,0,3,1213,0
4,18,0,3,1214,0
4,18,0,3,1215,0
4,18,0,3,1216,0
4,18,0,3,1217,0
4,18,0,3,1218,0
4,18,0,3,1219,0
4,18,0,3,1220,0
4,18,0,3,1221,0
4,18,0,3,1222,0
4,18,0,3,1223,0
4,18,0,3,1224,0
4,18,0,3,1225,0
4,18,0,3,1226,0
4,18,0,3,1227,0
4,18,0,3,1228,0
4,18,0,3,1229,0
4,18,0,3,1230,0
4,18,0,3,1231,0
4,18,0,3,1232,0
4,18,0,3,1233,0
4,18,0,3,1234,0
4,18,0,3,1235,0
4,18,0,3,1236,0
4,18,0,3,1237,0
4,18,0,3,1238,0
4,18,0,3,1239,0
4,18,0,3,1240,0
4,18,0,3,1241,0
4,18,0,3,1242,0
4,18,0,3,1243,0
4,18,0,3,1244,0
4,18,0,3,1245,0
4,18,0,3,1246,0
4,18,0,3,1247,0
4,18,0,3,1248,0
4,18,0,3,1249,0
4,18,0,3,1250,0
4,18,0,3,1251,0
4,18,0,3,1252,0
4,18,0,3,1253,0
4,18,0,3,1254,0
4,18,0,3,1255,0
4,18,0,3,1256,0
4,18,0,3,1257,0
4,18,0,3,1258,0
4,18,0,3,1259,0
4,18,0,3,1260,0
4,18,0,3,1261,0
4,18,0,3,1262,0
4,18,0,3,1263,0
4,18,0,3,1264,0
4,18,0,3,1265,0
4,18,0,3,1266,0
4,18,0,3,1267,0
4,18,0,3,1268,0
4,18,0,3,1269,0
4,18,0,3,1270,0
4,18,0,3,1271,0
4,18,0,3,1272,0
4,18,0,3,1273,0
4,18,0,3,1274,0
4,18,0,3,1275,0
4,18,0,3,1276,0
4,18,0,3,1277,0
4,18,0,3,1278,0
4,18,0,3,1279,0
4,18,0,3,1280,0
4,18,0,3,1281,0
4,18,0,3,1282,0
4,18,0,3,1283,0
4,18,0,3,1284,0
4,18,0,3,1285,0
4,18,0,3,1286,0
4,18,0,3,1287,0
4,18,0,3,1288,0
4,18,0,3,1289,0
4,18,0,3,1290,0
4,18,0,3,1291,0
4,18,0,3,1292,0
4,18,0,3,1293,0
4,18,0,3,1294,0
4,18,0,3,1295,0
4,18,0,3,1296,0
4,18,0,3,1297,0
4,18,0,3,1298,0
4,18,0,3,1299,0
4,18,0,3,1300,0
4,18,0,3,1301,0
4,18,0,3,1302,0
4,18,0,3,1303,0
4,18,0,3,1304,0
4,18,0,3,1305,0
4,18,0,3,1306,0
4,18,0,3,1307,0
4,18,0,3,1308,0
4,18,0,3,1309,0
4,18,0,3,1310,0
4,18,0,3,1311,0
4,18,0,3,1312,0
4,18,0,3,1313,0
4,18,0,3,1314,0
4,18,0,3,1315,0
4,18,0,3,1316,0
4,18,0,3,1317,0
4,18,0,3,1318,0
4,18,0,3,1319,0
4,18,0,3,1320,0
4,18,0,3,1321,0
4,18,0,3,1322,0
4,18,0,3,1323,0
4,18,0,3,1324,0
4,18,0,3,1325,0
4,18,0,3,1326,0
4,18,0,3,1327,0
4,18,0,3,1328,0
4,18,0,3,1329,0
4,18,0,3,1330,0
4,18,0,3,1331,0
4,18,0,3,1332,0
4,18,0,3,1333,0
4,18,0,3,1334,0
4,18,0,3,1335,0
4,18,0,3,1336,0
4,18,0,3,1337,0
4,18,0,3,1338,0
4,18,0,3,1339,0
4,18,0,3,1340,0
4,18,0,3,1341,0
4,18,0,3,1342,0
4,18,0,3,1343,0
4,18,0,3,1344,0
4,18,0,3,1345,0
4,18,0,3,1346,0
4,18,0,3,1347,0
4,18,0,3,1348,0
4,18,0,3,1349,0
4,18,0,3,1350,0
4,18,0,3,1351,0
4,18,0,3,1352,0
4,18,0,3,1353,0
4,18,0,3,1354,0
4,18,0,3,1355,0
4,18,0,3,1356,0
4,18,0,3,1357,0
4,18,0,3,1358,0
4,18,0,3,1359,0
4,18,0,3,1360,0
4,18,0,3,1361,0
4,18,0,3,1362,0
4,18,0,3,1363,0
4,18,0,3,1364,0
4,18,0,3,1365,0
4,18,0,3,1366,0
4,18,0,3,1367,0
4,18,0,3,1368,0
4,18,0,3,1369,0
4,18,0,3,1370,0
4,18,0,3,1371,0
4,18,0,3,1372,0
4,18,0,3,1373,0
4,18,0,3,1374,0
4,18,0,3,1375,0
4,18,0,3,1376,0
4,18,0,3,1377,0
4,18,0,3,1378,0
4,18,0,3,1379,0
4,18,0,3,1380,0
4,18,0,3,1381,0
4,18,0,3,1382,0
4,19,0,3,1383,0
4,19,0,3,1384,0
4,19,0,3,1385,0
4,19,0,3,1386,0
4,19,0,3,1387,0
4,19,0,3,1388,0
4,19,0,3,1389,0
4,19,0,3,1390,0
4,19,0,3,1391,0
4,19,0,3,1392,0
4,19,0,3,1393,0
4,19,0,3,1394,0
4,19,0,3,1395,0
4,19,0,3,1396,0
4,19,0,3,1397,0
4,19,0,3,1398,0
4,19,0,3,1399,0
4,19,0,3,1400,0
4,19,0,3,1401,0
4,19,0,3,1402,0
4,19,0,3,1403,0
4,19,0,3,1404,0
4,19,0,3,1405,0
4,19,0,3,1406,0
4,19,0,3,1407,0
4,19,0,3,1408,0
4,19,0,3,1409,0
4,19,0,3,1410,0
4,19,0,3,1411,0
4,19,0,3,1412,0
4,19,0,3,1413,0
4,19,0,3,1414,0
4,19,0,3,1415,0
4,19,0,3,1416,0
4,19,0,3,1417,0
4,19,0,3,1418,0
4,19,0,3,1419,0
4,19,0,3,1420,0
4,19,0,3,1421,0
4,19,0,3,1422,0
4,19,0,3,1423,0
4,19,0,3,1424,0
4,19,0,3,1425,0
4,19,0,3,1426,0
4,19,0,3,1427,0
4,19,0,3,1428,0
4,19,0,3,1429,0
4,19,0,3,1430,0
4,19,0,3,1431,0
4,19,0,3,1432,0
4,19,0,3,1433,0
4,19,0,3,1434,0
4,19,0,3,1435,0
4,19,0,3,1436,0
4,19,0,3,1437,0
4,19,0,3,1438,0
4,19,0,3,1439,0
4,19,0,3,1440,0
4,19,0,3,1441,0
4,19,0,3,1442,0
4,19,0,3,1443,0
4,19,0,3,1444,0
4,19,0,3,1445,0
4,19,0,3,1446,0
4,19,0,3,1447,0
4,19,0,3,1448,0
4,19,0,3,1449,0
4,19,0,3,1450,0
4,19,0,3,1451,0
4,19,0,3,1452,0
4,19,0,3,1453,0
4,19,0,3,1454,0
4,19,0,3,1455,0
4,19,0,3,1456,0
4,19,0,3,1457,0
4,19,0,3,1458,0
4,19,0,3,1459,0
4,19,0,3,1460,0
4,19,0,3,1461,0
4,19,0,3,1462,0
4,19,0,3,1463,0
4,19,0,3,1464,0
4,19,0,3,1465,0
4,19,0,3,1466,0
4,19,0,3,1467,0
4,19,0,3,1468,0
4,19,0,3,1469,0
4,19,0,3,1470,0
4,19,0,3,1471,0
4,19,0,3,1472,0
4,19,0,3,1473,0
4,19,0,3,1474,0
4,19,0,3,1475,0
4,19,0,3,1476,0
4,19,0,3,1477,0
4,19,0,3,1478,0
4,19,0,3,1479,0
4,19,0,3,1480,0
4,19,0,3,1481,0
4,19,0,3,1482,0
4,19,0,3,1483,0
4,19,0,3,1484,0
4,19,0,3,1485,0
4,19,0,3,1486,0
4,19,0,3,1487,0
4,19,0,3,1488,0
4,19,0,3,1489,0
4,19,0,3,1490,0
4,19,0,3,1491,0
4,19,0,3,1492,0
4,19,0,3,1493,0
4,19,0,3,1494,0
4,19,0,3,1495,0
4,19,0,3,1496,0
4,19,0,3,1497,0
4,19,0,3,1498,0
4,19,0,3,1499,0
4,19,0,3,1500,0
4,19,0,3,1501,0
4,19,0,3,1502,0
4,19,0,3,1503,0
4,19,0,3,1504,0
4,19,0,3,1505,0
4,19,0,3,1506,0
4,19,0,3,1507,0
4,19,0,3,1508,0
4,19,0,3,1509,0
4,19,0,3,1510,0
4,19,0,3,1511,0
4,19,0,3,1512,0
4,19,0,3,1513,0
4,19,0,3,1514,0
4,19,0,3,1515,0
4,19,0,3,1516,0
4,19,0,3,1517,0
4,19,0,3,1518,0
4,19,0,3,1519,0
4,19,0,3,1520,0
4,19,0,3,1521,0
4,19,0,3,1522,0
4,19,0,3,1523,0
4,19,0,3,1524,0
4,19,0,3,1525,0
4,19,0,3,1526,0
4,19,0,3,1527,0
4,19,0,3,1528,0
4,19,0,3,1529,0
4,19,0,3,1530,0
4,19,0,3,1531,0
4,19,0,3,1532,0
4,19,0,3,1533,0
4,19,0,3,1534,0
4,19,0,3,1535,0
4,19,0,3,1536,0
4,19,0,3,1537,0
4,19,0,3,1538,0
4,19,0,3,1539,0
4,19,0,3,1540,0
4,19,0,3,1541,0
4,19,0,3,1542,0
4,19,0,3,1543,0
4,19,0,3,1544,0
4,19,0,3,1545,0
4,19,0,3,1546,0
4,19,0,3,1547,0
4,19,0,3,1548,0
4,19,0,3,1549,0
4,19,0,3,1550,0
4,19,0,3,1551,0
4,19,0,3,1552,0
4,19,0,3,1553,0
4,19,0,3,1554,0
4,19,0,3,1555,0
4,19,0,3,1556,0
4,19,0,3,1557,0
4,19,0,3,1558,0
4,19,0,3,1559,0
4,19,0,3,1560,0
4,19,0,3,1561,0
4,19,0,3,1562,0
4,19,0,3,1563,0
4,19,0,3,1564,0
4,19,0,3,1565,0
4,19,0,3,1566,0
4,19,0,3,1567,0
4,19,0,3,1568,0
4,19,0,3,1569,0
4,19,0,3,1570,0
4,19,0,3,1571,0
4,19,0,3,1572,0
4,19,0,3,1573,0
4,19,0,3,1574,0
4,19,0,3,1575,0
4,19,0,3,1576,0
4,19,0,3,1577,0
4,19,0,3,1578,0
4,19,0,3,1579,0
4,19,0,3,1580,0
4,19,0,3,1581,0
4,19,0,3,1582,0
4,19,0,3,1583,0
4,19,0,3,1584,0
4,19,0,3,1585,0
4,19,0,3,1586,0
4,19,0,3,1587,0
4,19,0,3,1588,0
4,19,0,3,1589,0
4,19,0,3,1590,0
4,19,0,3,1591,0
4,19,0,3,1592,0
4,19,0,3,1593,0
4,19,0,3,1594,0
4,19,0,3,1595,0
4,19,0,3,1596,0
4,19,0,3,1597,0
4,19,0,3,1598,0
4,19,0,3,1599,0
4,19,0,3,1600,0
4,19,0,3,1601,0
4,19,0,3,1602,0
4,19,0,3,1603,0
4,19,0,3,1604,0
4,19,0,3,1605,0
4,19,0,3,1606,0
4,19,0,3,1607,0
4,19,0,3,1608,0
4,19,0,3,1609,0
4,19,0,3,1610,0
4,19,0,3,1611,0
4,19,0,3,1612,0
4,19,0,3,1613,0
4,19,0,3,1614,0
4,19,0,3,1615,0
4,19,0,3,1616,0
4,19,0,3,1617,0
4,19,0,3,1618,0
4,19,0,3,1619,0
4,19,0,3,1620,0
4,19,0,3,1621,0
4,19,0,3,1622,0
4,19,0,3,1623,0
4,19,0,3,1624,0
4,19,0,3,1625,0
4,19,0,3,1626,0
4,19,0,3,1627,0
4,19,0,3,1628,0
4,19,0,3,1629,0
4,19,0,3,1630,0
4,19,0,3,1631,0
4,19,0,3,1632,0
4,19,0,3,1633,0
4,19,0,3,1634,0
4,19,0,3,1635,0
4,19,0,3,1636,0
4,19,0,3,1637,0
4,19,0,3,1638,0
4,20,0,3,1639,0
4,20,0,3,1640,0
4,20,0,3,1641,0
4,20,0,3,1642,0
4,20,0,3,1643,0
4,20,0,3,1644,0
4,20,0,3,1645,0
4,20,0,3,1646,0
4,20,0,3,1647,0
4,20,0,3,1648,0
4,20,0,3,1649,0
4,20,0,3,1650,0
4,20,0,3,1651,0
4,20,0,3,1652,0
4,20,0,3,1653,0
4,20,0,3,1654,0
4,20,0,3,1655,0
4,20,0,3,1656,0
4,20,0,3,1657,0
4,20,0,3,1658,0
4,20,0,3,1659,0
4,20,0,3,1660,0
4,20,0,3,1661,0
4,20,0,3,1662,0
4,20,0,3,1663,0
4,20,0,3,1664,0
4,20,0,3,1665,0
4,20,0,3,1666,0
4,20,0,3,1667,0
4,20,0,3,1668,0
4,20,0,3,1669,0
4,20,0,3,1670,0
4,20,0,3,1671,0
4,20,0,3,1672,0
4,20,0,3,1673,0
4,20,0,3,1674,0
4,20,0,3,1675,0
4,20,0,3,1676,0
4,20,0,3,1677,0
4,20,0,3,1678,0
4,20,0,3,1679,0
4,20,0,3,1680,0
4,20,0,3,1681,0
4,20,0,3,1682,0
4,20,0,3,1683,0
4,20,0,3,1684,0
4,20,0,3,1685,0
4,20,0,3,1686,0
4,20,0,3,1687,0
4,20,0,3,1688,0
4,20,0,3,1689,0
4,20,0,3,1690,0
4,20,0,3,1691,0
4,20,0,3,1692,0
4,20,0,3,1693,0
4,20,0,3,1694,0
4,20,0,3,1695,0
4,20,0,3,1696,0
4,20,0,3,1697,0
4,20,0,3,1698,0
4,20,0,3,1699,0
4,20,0,3,1700,0
4,20,0,3,1701,0
4,20,0,3,1702,0
4,20,0,3,1703,0
4,20,0,3,1704,0
4,20,0,3,1705,0
4,20,0,3,1706,0
4,20,0,3,1707,0
4,20,0,3,1708,0
4,20,0,3,1709,0
4,20,0,3,1710,0
4,20,0,3,1711,0
4,20,0,3,1712,0
4,20,0,3,1713,0
4,20,0,3,1714,0
4,20,0,3,1715,0
4,20,0,3,1716,0
4,20,0,3,1717,0
4,20,0,3,1718,0
4,20,0,3,1719,0
4,20,0,3,1720,0
4,20,0,3,1721,0
4,20,0,3,1722,0
4,20,0,3,1723,0
4,20,0,3,1724,0
4,20,0,3,1725,0
4,20,0,3,1726,0
4,20,0,3,1727,0
4,20,0,3,1728,0
4,20,0,3,1729,0
4,20,0,3,1730,0
4,20,0,3,1731,0
4,20,0,3,1732,0
4,20,0,3,1733,0
4,20,0,3,1734,0
4,20,0,3,1735,0
4,20,0,3,1736,0
4,20,0,3,1737,0
4,20,0,3,1738,0
4,20,0,3,1739,0
4,20,0,3,1740,0
4,20,0,3,1741,0
4,20,0,3,1742,0
4,20,0,3,1743,0
4,20,0,3,1744,0
4,20,0,3,1745,0
4,20,0,3,1746,0
4,20,0,3,1747,0
4,20,0,3,1748,0
4,20,0,3,1749,0
4,20,0,3,1750,0
4,20,0,3,1751,0
4,20,0,3,1752,0
4,20,0,3,1753,0
4,20,0,3,1754,0
4,20,0,3,1755,0
4,20,0,3,1756,0
4,20,0,3,1757,0
4,20,0,3,1758,0
4,20,0,3,1759,0
4,20,0,3,1760,0
4,20,0,3,1761,0
4,20,0,3,1762,0
4,20,0,3,1763,0
4,20,0,3,1764,0
4,20,0,3,1765,0
4,20,0,3,1766,0
4,20,0,3,1767,0
4,20,0,3,1768,0
4,20,0,3,1769,0
4,20,0,3,1770,0
4,21,0,3,1771,0
4,21,1,3,1772,0
4,21,0,3,1773,0
4,21,0,3,1774,0
4,21,0,3,1775,0
4,21,0,3,1776,0
4,21,0,3,1777,0
4,21,0,3,1778,0
4,21,0,3,1779,0
4,21,0,3,1780,0
4,21,0,3,1781,0
4,21,0,3,1782,0
4,21,0,3,1783,0
4,21,0,3,1784,0
4,21,0,3,1785,0
4,21,0,3,1786,0
4,21,0,3,1787,0
4,21,0,3,1788,0
4,21,0,3,1789,0
4,21,0,3,1790,0
4,21,0,3,1791,0
4,21,0,3,1792,0
4,21,0,3,1793,0
4,22,0,3,1794,0
4,22,0,3,1795,0
4,22,0,3,1796,0
4,22,0,3,1797,0
4,22,0,3,1798,0
4,22,0,3,1799,0
4,23,0,3,1800,0
4,23,0,3,1801,0
4,23,0,3,1802,0
4,23,0,3,1803,0
4,23,0,3,1804,0
4,23,0,3,1805,0
4,23,0,3,1806,0
4,23,0,3,1807,0
4,23,0,3,1808,0
4,23,0,3,1809,0
4,23,0,3,1810,0
4,23,0,3,1811,0
4,24,0,3,1812,0
4,24,0,3,1813,0
4,24,0,3,1814,0
4,24,0,3,1815,0
4,24,0,3,1816,0
4,24,0,3,1817,0
4,24,1,3,1818,0
4,24,0,3,1819,0
4,24,0,3,1820,0
4,24,0,3,1821,0
4,24,0,3,1822,0
4,24,0,3,1823,0
4,24,0,3,1824,0
4,24,0,3,1825,0
4,24,0,3,1826,0
4,24,0,3,1827,0
4,24,0,3,1828,0
4,24,0,3,1829,0
4,24,0,3,1830,0
4,24,0,3,1831,0
4,24,0,3,1832,0
4,24,0,3,1833,0
4,24,0,3,1834,0
4,24,0,3,1835,0
4,25,0,3,1836,0
4,25,0,3,1837,0
4,25,0,3,1838,0
4,25,0,3,1839,0
4,25,0,3,1840,0
4,25,0,3,1841,0
4,25,0,3,1842,0
4,25,0,3,1843,0
4,25,0,3,1844,0
4,25,0,3,1845,0
4,25,0,3,1846,0
4,25,0,3,1847,0
4,25,1,3,1848,0
4,25,0,3,1849,0
4,26,0,3,1850,0
4,26,0,3,1851,0
4,26,0,3,1852,0
4,26,0,3,1853,0
4,26,0,3,1854,0
4,26,0,3,1855,0
4,26,0,3,1856,0
4,26,0,3,1857,0
4,26,0,3,1858,0
4,26,0,3,1859,0
4,26,0,3,1860,0
4,26,0,3,1861,0
4,26,0,3,1862,0
4,26,0,3,1863,0
4,26,0,3,1864,0
4,26,0,3,1865,0
4,26,1,4,1865,0
4,26,0,4,1866,0
4,26,0,4,1867,0
4,26,0,4,1868,0
4,26,0,4,1869,0
4,26,0,4,1870,0
4,26,0,4,1871,0
4,26,0,4,1872,0
4,26,0,4,1873,0
4,26,0,4,1874,0
4,26,0,4,1875,0
4,26,0,4,1876,0
4,26,0,4,1877,0
4,26,0,4,1878,0
4,26,0,4,1879,0
4,26,0,4,1880,0
4,26,0,4,1881,0
4,26,0,4,1882,0
4,26,0,4,1883,0
4,26,0,4,1884,0
4,26,0,4,1885,0
4,26,0,4,1886,0
4,26,0,4,1887,0
4,26,0,4,1888,0
4,26,0,4,1889,0
4,26,0,4,1890,0
4,26,0,4,1891,0
4,26,0,4,1892,0
4,26,0,4,1893,0
4,26,0,4,1894,0
4,26,0,4,1895,0
4,26,1,4,1896,0
4,26,0,4,1897,0
4,26,0,4,1898,0
4,26,0,4,1899,0
4,26,0,4,1900,0
4,26,0,4,1901,0
4,26,0,4,1902,0
4,26,0,4,1903,0
4,26,0,4,1904,0
4,26,0,4,1905,0
4,26,0,4,1906,0
4,26,0,4,1907,0
4,26,0,4,1908,0
4,26,0,4,1909,0
4,26,0,4,1910,0
4,26,0,4,1911,0
4,26,0,4,1912,0
4,26,0,4,1913,0
4,26,0,4,1914,0
4,26,0,4,1915,0
4,26,0,4,1916,0
4,27,1,4,1917,0
4,27,0,4,1918,0
4,27,0,4,1919,0
4,27,0,4,1920,0
4,27,0,4,1921,0
4,28,1,4,1922,0
4,29,0,4,1923,0
4,29,0,4,1924,0
4,30,1,5,1924,1
5,1,2,0,1,0
5,1,0,0,2,0
5,1,0,0,3,0
5,1,0,0,4,0
5,1,0,0,5,0
5,1,0,0,6,0
5,1,0,0,7,0
5,2,1,1,7,0
5,2,0,1,8,0
5,2,0,1,9,0
5,2,0,1,10,0
5,2,0,1,11,0
5,2,0,1,12,0
5,2,0,1,13,0
5,2,0,1,14,0
5,2,0,1,15,0
5,2,0,1,16,0
5,2,0,1,17,0
5,2,0,1,18,0
5,2,0,1,19,0
5,2,0,1,20,0
5,2,0,1,21,0
5,2,0,1,22,0
5,2,0,1,23,0
5,2,0,1,24,0
5,2,0,1,25,0
5,2,0,1,26,0
5,2,0,1,27,0
5,2,0,1,28,0
5,2,0,1,29,0
5,2,0,1,30,0
5,2,0,1,31,0
5,2,0,1,32,0
5,2,0,1,33,0
5,2,0,1,34,0
5,2,0,1,35,0
5,2,0,1,36,0
5,2,0,1,37,0
5,2,0,1,38,0
5,2,0,1,39,0
5,2,0,1,40,0
5,2,0,1,41,0
5,2,0,1,42,0
5,2,0,1,43,0
5,2,0,1,44,0
5,2,0,1,45,0
5,2,0,1,46,0
5,2,0,1,47,0
5,2,0,1,48,0
5,2,0,1,49,0
5,2,0,1,50,0
5,2,0,1,51,0
5,2,0,1,52,0
5,2,0,1,53,0
5,2,0,1,54,0
5,2,0,1,55,0
5,2,0,1,56,0
5,2,0,1,57,0
5,2,0,1,58,0
5,2,0,1,59,0
5,2,0,1,60,0
5,2,0,1,61,0
5,2,0,1,62,0
5,2,0,1,63,0
5,2,0,1,64,0
5,2,0,1,65,0
5,2,0,1,66,0
5,2,0,1,67,0
5,2,0,1,68,0
5,2,0,1,69,0
5,2,0,1,70,0
5,2,0,1,71,0
5,2,0,1,72,0
5,2,0,1,73,0
5,2,0,1,74,0
5,2,0,1,75,0
5,2,0,1,76,0
5,2,0,1,77,0
5,2,0,1,78,0
5,2,0,1,79,0
5,2,0,1,80,0
5,2,0,1,81,0
5,2,0,1,82,0
5,2,0,1,83,0
5,2,0,1,84,0
5,2,0,1,85,0
5,2,0,1,86,0
5,2,0,1,87,0
5,2,0,1,88,0
5,2,0,1,89,0
5,2,0,1,90,0
5,2,0,1,91,0
5,2,0,1,92,0
5,2,0,1,93,0
5,2,0,1,94,0
5,2,0,1,95,0
5,2,0,1,96,0
5,2,0,1,97,0
5,2,0,1,98,0
5,2,0,1,99,0
5,2,0,1,100,0
5,2,0,1,101,0
5,2,0,1,102,0
5,2,0,1,103,0
5,2,0,1,104,0
5,2,0,1,105,0
5,2,0,1,106,0
5,2,0,1,107,0
5,2,0,1,108,0
5,2,0,1,109,0
5,2,0,1,110,0
5,2,0,1,111,0
5,3,1,1,112,0
5,3,0,1,113,0
5,3,0,1,114,0
5,3,0,1,115,0
5,3,0,1,116,0
5,3,0,1,117,0
5,3,0,1,118,0
5,3,0,1,119,0
5,3,0,1,120,0
5,4,1,1,121,0
5,4,0,1,122,0
5,4,0,1,123,0
5,4,0,1,124,0
5,4,0,1,125,0
5,5,1,2,125,0
5,5,0,2,126,0
5,5,0,2,127,0
5,6,1,2,128,0
5,6,0,2,129,0
5,7,0,2,130,0
5,7,0,2,131,0
5,7,0,2,132,0
5,7,0,2,133,0
5,7,0,2,134,0
5,7,0,2,135,0
5,7,0,2,136,0
5,7,1,2,137,0
5,7,0,2,138,0
5,7,0,2,139,0
5,8,0,2,140,0
5,8,0,2,141,0
5,8,0,2,142,0
5,8,0,2,143,0
5,8,0,2,144,0
5,8,0,2,145,0
5,8,0,2,146,0
5,8,0,2,147,0
5,8,0,2,148,0
5,8,1,3,148,0
5,8,0,3,149,0
5,8,0,3,150,0
5,8,0,3,151,0
5,8,0,3,152,0
5,8,0,3,153,0
5,8,0,3,154,0
5,8,0,3,155,0
5,8,0,3,156,0
5,8,0,3,157,0
5,8,0,3,158,0
5,8,0,3,159,0
5,8,0,3,160,0
5,8,0,3,161,0
5,8,0,3,162,0
5,8,0,3,163,0
5,8,0,3,164,0
5,8,0,3,165,0
5,8,0,3,166,0
5,8,0,3,167,0
5,8,0,3,168,0
5,8,0,3,169,0
5,8,0,3,170,0
5,8,0,3,171,0
5,8,0,3,172,0
5,8,0,3,173,0
5,8,0,3,174,0
5,8,0,3,175,0
5,8,0,3,176,0
5,8,0,3,177,0
5,8,0,3,178,0
5,8,0,3,179,0
5,8,0,3,180,0
5,8,0,3,181,0
5,8,0,3,182,0
5,8,0,3,183,0
5,8,0,3,184,0
5,8,0,3,185,0
5,8,0,3,186,0
5,8,0,3,187,0
5,8,0,3,188,0
5,8,0,3,189,0
5,8,0,3,190,0
5,8,0,3,191,0
5,8,0,3,192,0
5,8,0,3,193,0
5,8,0,3,194,0
5,8,0,3,195,0
5,8,0,3,196,0
5,8,0,3,197,0
5,8,0,3,198,0
5,8,0,3,199,0
5,8,0,3,200,0
5,8,0,3,201,0
5,8,0,3,202,0
5,8,0,3,203,0
5,8,0,3,204,0
5,8,0,3,205,0
5,8,0,3,206,0
5,8,0,3,207,0
5,8,0,3,208,0
5,8,0,3,209,0
5,8,0,3,210,0
5,8,0,3,211,0
5,8,0,3,212,0
5,8,0,3,213,0
5,8,0,3,214,0
5,8,0,3,215,0
5,8,0,3,216,0
5,8,0,3,217,0
5,8,0,3,218,0
5,8,0,3,219,0
5,8,0,3,220,0
5,8,0,3,221,0
5,8,0,3,222,0
5,8,0,3,223,0
5,8,0,3,224,0
5,8,0,3,225,0
5,8,0,3,226,0
5,8,0,3,227,0
5,8,0,3,228,0
5,8,0,3,229,0
5,8,0,3,230,0
5,8,0,3,231,0
5,8,0,3,232,0
5,8,0,3,233,0
5,8,0,3,234,0
5,8,0,3,235,0
5,8,0,3,236,0
5,8,0,3,237,0
5,8,0,3,238,0
5,8,0,3,239,0
5,8,0,3,240,0
5,8,0,3,241,0
5,8,0,3,242,0
5,8,0,3,243,0
5,8,0,3,244,0
5,8,0,3,245,0
5,8,0,3,246,0
5,8,0,3,247,0
5,8,0,3,248,0
5,8,0,3,249,0
5,8,0,3,250,0
5,8,0,3,251,0
5,8,0,3,252,0
5,8,0,3,253,0
5,8,0,3,254,0
5,8,0,3,255,0
5,8,0,3,256,0
5,8,0,3,257,0
5,8,0,3,258,0
5,8,0,3,259,0
5,8,0,3,260,0
5,8,0,3,261,0
5,8,0,3,262,0
5,8,0,3,263,0
5,8,0,3,264,0
5,8,0,3,265,0
5,8,0,3,266,0
5,8,0,3,267,0
5,8,0,3,268,0
5,8,0,3,269,0
5,8,0,3,270,0
5,8,0,3,271,0
5,8,0,3,272,0
5,8,0,3,273,0
5,8,0,3,274,0
5,8,0,3,275,0
5,8,0,3,276,0
5,8,0,3,277,0
5,8,0,3,278,0
5,8,0,3,279,0
5,8,0,3,280,0
5,8,0,3,281,0
5,8,0,3,282,0
5,8,0,3,283,0
5,8,0,3,284,0
5,8,0,3,285,0
5,8,0,3,286,0
5,8,0,3,287,0
5,8,0,3,288,0
5,8,0,3,289,0
5,8,0,3,290,0
5,8,0,3,291,0
5,8,0,3,292,0
5,8,0,3,293,0
5,8,0,3,294,0
5,8,0,3,295,0
5,8,0,3,296,0
5,8,0,3,297,0
5,8,0,3,298,0
5,8,0,3,299,0
5,8,0,3,300,0
5,8,0,3,301,0
5,8,0,3,302,0
5,8,0,3,303,0
5,8,0,3,304,0
5,8,0,3,305,0
5,8,0,3,306,0
5,8,0,3,307,0
5,8,0,3,308,0
5,8,0,3,309,0
5,8,0,3,310,0
5,8,0,3,311,0
5,8,0,3,312,0
5,8,0,3,313,0
5,8,0,3,314,0
5,8,0,3,315,0
5,8,0,3,316,0
5,8,0,3,317,0
5,8,0,3,318,0
5,8,0,3,319,0
5,8,0,3,320,0
5,8,0,3,321,0
5,8,0,3,322,0
5,8,0,3,323,0
5,8,0,3,324,0
5,8,0,3,325,0
5,8,0,3,326,0
5,8,0,3,327,0
5,8,0,3,328,0
5,8,0,3,329,0
5,8,0,3,330,0
5,8,0,3,331,0
5,8,0,3,332,0
5,8,0,3,333,0
5,8,0,3,334,0
5,8,0,3,335,0
5,9,1,3,336,0
5,9,0,3,337,0
5,9,0,3,338,0
5,9,0,3,339,0
5,9,0,3,340,0
5,10,1,3,341,0
5,10,0,3,342,0
5,10,0,3,343,0
5,10,0,3,344,0
5,10,0,3,345,0
5,10,0,3,346,0
5,11,1,4,346,0
5,12,0,4,347,0
5,12,1,4,348,0
5,12,0,4,349,0
5,13,0,4,350,0
5,13,0,4,351,0
5,13,0,4,352,0
5,13,0,4,353,0
5,13,0,4,354,0
5,13,0,4,355,0
5,13,0,4,356,0
5,13,1,4,357,0
5,13,0,4,358,0
5,13,0,4,359,0
5,13,0,4,360,0
5,13,0,4,361,0
5,13,0,4,362,0
5,13,0,4,363,0
5,13,0,4,364,0
5,13,0,4,365,0
5,13,0,4,366,0
5,13,0,4,367,0
5,13,0,4,368,0
5,13,0,4,369,0
5,13,1,5,369,1
